0.153894972
0.270194114
0.348685881
0.489185804
0.522169947
0.606940378
0.726218078
0.855006854
1.091099866
0.175014428
0.20808879
0.284483907
0.345704772
0.398321865
0.44254828
0.47136071
0.569402886
0.626459489
0.222838807
0.316410339
0.384737814
0.425846646
0.476207093
0.540772642
0.554799009
0.678338284
0.797230473
0.192078716
0.215936616
0.320187385
0.355623774
0.446042463
0.502142686
0.580379562
0.667311395
0.881952639
0.15645
0.36741
0.55046
0.7145
0.8403
1.0171
1.1663
1.823
2.1243
0.5001
0.6506
0.7466
0.8015
0.8759
1.0197
1.1309
1.2784
1.489
0.6044
0.7421
0.8035
1.0421
2.0358
0.13731
0.3973
0.6105
1.16435
0.5483
0.59855
0.9778
1.7075
0.16372
0.32301
0.60508
1.5929
